candles read:
from: 2018-Apr-17 04:02:00
to: 2023-Apr-12 11:26:00
difference: 1821d 07:24:00.000000
count: 2616803
duration: 4.817768s
began: 2023-Apr-18 15:16:34
it: 0, population size: 154, mean fitness: 228.893, best fitness: 623.158
it: 1, population size: 186, mean fitness: 264.328, best fitness: 623.158
it: 2, population size: 224, mean fitness: 282.483, best fitness: 678.001
it: 3, population size: 270, mean fitness: 348.399, best fitness: 681.986
it: 4, population size: 327, mean fitness: 369.354, best fitness: 690.933
it: 5, population size: 395, mean fitness: 394.843, best fitness: 706.781
it: 6, population size: 477, mean fitness: 397.493, best fitness: 754.849
it: 7, population size: 576, mean fitness: 412.737, best fitness: 754.849
it: 8, population size: 697, mean fitness: 412.993, best fitness: 754.849
it: 9, population size: 842, mean fitness: 414.642, best fitness: 754.849
ended: 2023-Apr-18 15:17:48
duration: 1:13.950140
