candles read:
from: 2018-Apr-17 04:02:00
to: 2023-Apr-12 11:26:00
difference: 1821d 07:24:00.000000
count: 2616803
duration: 3.363351s
began: 2023-Apr-18 15:01:04
it: 0, population size: 211, mean fitness: 222.335, best fitness: 596.583
it: 1, population size: 232, mean fitness: 292.281, best fitness: 596.583
it: 2, population size: 255, mean fitness: 346.426, best fitness: 642.537
it: 3, population size: 280, mean fitness: 361.895, best fitness: 685.442
it: 4, population size: 308, mean fitness: 393.888, best fitness: 705.032
it: 5, population size: 338, mean fitness: 410.982, best fitness: 741.19
it: 6, population size: 373, mean fitness: 425.097, best fitness: 741.19
it: 7, population size: 410, mean fitness: 440.058, best fitness: 749.789
it: 8, population size: 452, mean fitness: 459.406, best fitness: 751.445
it: 9, population size: 498, mean fitness: 454.438, best fitness: 751.445
ended: 2023-Apr-18 15:02:02
duration: 57.340526s
