candles read:
from: 2019-Feb-28 04:00:00
to: 2023-Apr-11 16:27:00
difference: 1503d 12:27:00.000000
count: 2160979
duration: 2.453258s
began: 2023-Apr-18 15:47:14
it: 0, population size: 161, mean fitness: 108.908, best fitness: 241.596
it: 1, population size: 204, mean fitness: 142.419, best fitness: 268.348
it: 2, population size: 257, mean fitness: 153.117, best fitness: 268.348
it: 3, population size: 324, mean fitness: 154.238, best fitness: 268.348
it: 4, population size: 409, mean fitness: 158.634, best fitness: 268.348
it: 5, population size: 517, mean fitness: 161.894, best fitness: 268.348
it: 6, population size: 653, mean fitness: 166.194, best fitness: 268.348
it: 7, population size: 825, mean fitness: 168.998, best fitness: 268.348
it: 8, population size: 1044, mean fitness: 169.648, best fitness: 268.348
it: 9, population size: 1320, mean fitness: 176.287, best fitness: 268.348
ended: 2023-Apr-18 15:48:33
duration: 1:19.327938
