candles read:
from: 2017-Aug-17 04:00:00
to: 2022-Oct-28 12:27:00
difference: 1898d 08:27:00.000000
count: 2725146
duration: 4.160507s
search space:
n states: 246400
began: 2023-Apr-11 13:37:25
ended: 2023-Apr-11 14:02:02
duration: 24:37.491534
