candles read:
from: 2017-Aug-17 04:00:00
to: 2022-Oct-28 12:27:00
difference: 1898d 08:27:00.000000
count: 2725146
duration: 15.203427s
search space:
n states: 3600
began: 2023-Apr-08 09:40:05
ended: 2023-Apr-08 09:56:31
duration: 16:26.068891
