candles read:
from: 2018-Apr-17 04:02:00
to: 2023-Apr-12 11:26:00
difference: 1821d 07:24:00.000000
count: 2616803
duration: 3.311546s
began: 2023-Apr-14 21:04:54
ended: 2023-Apr-14 22:31:28
duration: 01:26:33.631671
