candles read:
from: 2017-Aug-17 04:00:00
to: 2022-Oct-28 12:27:00
difference: 1898d 08:27:00.000000
count: 2725146
duration: 3.509980s
search space:
n states: 313600
began: 2023-Apr-11 14:41:22
ended: 2023-Apr-11 15:12:57
duration: 31:34.325442
