candles read:
from: 2017-Aug-17 04:00:00
to: 2022-Oct-28 12:27:00
difference: 1898d 08:27:00.000000
count: 2725146
duration: 5.810886s
search space:
n states: 3600
began: 2023-Apr-08 10:40:29
ended: 2023-Apr-08 10:41:02
duration: 33.417311s
