candles read:
from: 2018-Apr-17 04:02:00
to: 2023-Apr-12 11:26:00
difference: 1821d 07:24:00.000000
count: 2616803
duration: 5.499468s
began: 2023-Apr-14 15:17:42
ended: 2023-Apr-14 15:57:26
duration: 39:44.008080
