candles read:
from: 2017-Aug-17 04:00:00
to: 2022-Oct-28 12:27:00
difference: 1898d 08:27:00.000000
count: 2725146
duration: 3.793690s
began: 2023-Apr-13 09:33:04
ended: 2023-Apr-13 09:53:40
duration: 20:36.505276
