candles read:
from: 2017-Aug-17 04:00:00
to: 2022-Oct-28 12:27:00
difference: 1898d 08:27:00.000000
count: 2725146
duration: 3.661302s
search space:
n states: 198000
began: 2023-Apr-12 16:52:53
ended: 2023-Apr-12 17:13:31
duration: 20:37.968208
