candles read:
from: 2017-Aug-17 04:00:00
to: 2022-Oct-28 12:27:00
difference: 1898d 08:27:00.000000
count: 2725146
duration: 3.534024s
search space:
n states: 1092000
began: 2023-Apr-11 16:32:03
ended: 2023-Apr-11 18:21:47
duration: 01:49:43.463875
