candles read:
from: 2017-Aug-17 04:00:00
to: 2022-Oct-28 12:27:00
difference: 1898d 08:27:00.000000
count: 2725146
duration: 3.550545s
search space:
n states: 139650
began: 2023-Apr-12 07:38:36
ended: 2023-Apr-12 07:52:27
duration: 13:50.578224
