candles read:
from: 2018-Apr-17 04:02:00
to: 2023-Apr-12 11:26:00
difference: 1821d 07:24:00.000000
count: 2616803
duration: 3.318500s
began: 2023-Apr-18 14:48:45
it: 0, population size: 138, mean fitness: 221.805, best fitness: 626.608
it: 1, population size: 149, mean fitness: 289.298, best fitness: 626.608
it: 2, population size: 160, mean fitness: 345.789, best fitness: 655.196
it: 3, population size: 171, mean fitness: 402.786, best fitness: 718.324
it: 4, population size: 184, mean fitness: 418.454, best fitness: 718.324
it: 5, population size: 198, mean fitness: 410.072, best fitness: 730.727
it: 6, population size: 213, mean fitness: 419.605, best fitness: 749.789
it: 7, population size: 228, mean fitness: 440.302, best fitness: 749.789
it: 8, population size: 246, mean fitness: 457.436, best fitness: 749.789
it: 9, population size: 266, mean fitness: 469.592, best fitness: 751.445
ended: 2023-Apr-18 14:49:25
duration: 40.003531s
