candles read:
from: 2017-Aug-17 04:00:00
to: 2022-Oct-28 12:27:00
difference: 1898d 08:27:00.000000
count: 2725146
duration: 3.508193s
search space:
n states: 38000
began: 2023-Apr-12 06:08:00
ended: 2023-Apr-12 06:12:25
duration: 4:25.253784
