candles read:
from: 2018-Jan-04 00:00:00
to: 2022-Oct-29 18:00:00
difference: 1759d 18:00:00.000000
count: 2526055
duration: 4.779197s
