candles read:
from: 2017-Aug-17 04:00:00
to: 2022-Oct-28 12:27:00
difference: 1898d 08:27:00.000000
count: 2725146
duration: 3.628310s
began: 2023-Apr-13 18:31:35
ended: 2023-Apr-13 19:26:31
duration: 54:55.619179
