candles read:
from: 2018-Apr-17 04:02:00
to: 2023-Apr-12 11:26:00
difference: 1821d 07:24:00.000000
count: 2616803
duration: 3.767239
began: 2023-May-02 12:34:57
it: 0, population size: 161, mean fitness: 176.267, best fitness: 469.849
it: 1, population size: 204, mean fitness: 243.089, best fitness: 540.221
it: 2, population size: 257, mean fitness: 271.314, best fitness: 538.74
it: 3, population size: 324, mean fitness: 286.189, best fitness: 589.525
it: 4, population size: 409, mean fitness: 306.374, best fitness: 589.525
it: 5, population size: 517, mean fitness: 323.598, best fitness: 645.915
it: 6, population size: 653, mean fitness: 328.617, best fitness: 718.305
it: 7, population size: 825, mean fitness: 341.84, best fitness: 749.084
it: 8, population size: 1044, mean fitness: 348.771, best fitness: 749.789
it: 9, population size: 1320, mean fitness: 369.521, best fitness: 749.789
ended: 2023-May-02 12:36:35
duration: 1:37.518156
