candles read:
from: 2017-Aug-17 04:00:00
to: 2022-Oct-28 12:27:00
difference: 1898d 08:27:00.000000
count: 2725146
duration: 5.032913s
search space:
n states: 13440
began: 2023-Apr-11 15:31:15
ended: 2023-Apr-11 15:32:54
duration: 1:38.575156
