candles read:
from: 2017-Aug-17 04:00:00
to: 2022-Oct-28 12:27:00
difference: 1898d 08:27:00.000000
count: 2725146
duration: 3.539310s
search space:
n states: 234000
began: 2023-Apr-12 06:33:39
ended: 2023-Apr-12 06:57:27
duration: 23:47.998651
