candles read:
from: 2017-Aug-17 04:00:00
to: 2022-Oct-28 12:27:00
difference: 1898d 08:27:00.000000
count: 2725146
duration: 5.094032s
search space:
n states: 152000
began: 2023-Apr-12 06:14:37
ended: 2023-Apr-12 06:30:15
duration: 15:37.425160
