candles read:
from: 2017-Aug-17 04:00:00
to: 2022-Oct-28 12:27:00
difference: 1898d 08:27:00.000000
count: 2725146
duration: 4.468106s
began: 2023-Apr-13 15:30:54
ended: 2023-Apr-13 15:31:02
duration: 8.264653s
