candles read:
from: 2018-Apr-17 04:02:00
to: 2023-Apr-12 11:26:00
difference: 1821d 07:24:00.000000
count: 2616803
duration: 3.276342s
began: 2023-Apr-18 15:20:57
it: 0, population size: 154, mean fitness: 228.07, best fitness: 611.076
it: 1, population size: 186, mean fitness: 310.721, best fitness: 696.211
it: 2, population size: 224, mean fitness: 333.454, best fitness: 749.789
it: 3, population size: 270, mean fitness: 375.461, best fitness: 749.789
it: 4, population size: 327, mean fitness: 401.089, best fitness: 749.789
it: 5, population size: 395, mean fitness: 429.137, best fitness: 749.789
it: 6, population size: 477, mean fitness: 445.988, best fitness: 749.789
it: 7, population size: 576, mean fitness: 450.325, best fitness: 751.445
it: 8, population size: 697, mean fitness: 469.742, best fitness: 751.445
it: 9, population size: 842, mean fitness: 467.237, best fitness: 751.445
ended: 2023-Apr-18 15:22:10
duration: 1:12.882163
