candles read:
from: 2018-Apr-17 04:02:00
to: 2023-Apr-12 11:26:00
difference: 1821d 07:24:00.000000
count: 2616803
duration: 3.336502s
began: 2023-Apr-18 15:33:04
it: 0, population size: 161, mean fitness: 248.451, best fitness: 598.148
it: 1, population size: 204, mean fitness: 289.648, best fitness: 622.364
it: 2, population size: 257, mean fitness: 323.594, best fitness: 651.961
it: 3, population size: 324, mean fitness: 377.137, best fitness: 746.227
it: 4, population size: 409, mean fitness: 403.238, best fitness: 746.227
it: 5, population size: 517, mean fitness: 415.834, best fitness: 749.789
it: 6, population size: 653, mean fitness: 443.646, best fitness: 749.789
it: 7, population size: 825, mean fitness: 457.384, best fitness: 751.215
it: 8, population size: 1044, mean fitness: 468.454, best fitness: 754.849
it: 9, population size: 1320, mean fitness: 463.794, best fitness: 754.849
ended: 2023-Apr-18 15:34:39
duration: 1:35.060068
