candles read:
from: 2017-Aug-17 04:00:00
to: 2022-Oct-28 12:27:00
difference: 1898d 08:27:00.000000
count: 2725146
duration: 4.601630s
search space:
n states: 245000
began: 2023-Apr-12 07:03:55
ended: 2023-Apr-12 07:28:24
duration: 24:29.462521
