candles read:
from: 2017-Aug-17 04:00:00
to: 2022-Oct-28 12:27:00
difference: 1898d 08:27:00.000000
count: 2725146
duration: 3.570751s
search space:
n states: 94080
began: 2023-Apr-11 15:19:36
ended: 2023-Apr-11 15:29:13
duration: 9:37.237353
