candles read:
from: 2018-Apr-17 04:02:00
to: 2023-Apr-12 11:26:00
difference: 1821d 07:24:00.000000
count: 2616803
duration: 3.250242s
began: 2023-Apr-18 15:12:30
it: 0, population size: 140, mean fitness: 199.286, best fitness: 478.997
it: 1, population size: 154, mean fitness: 252.676, best fitness: 629.135
it: 2, population size: 169, mean fitness: 291.504, best fitness: 629.135
it: 3, population size: 186, mean fitness: 316.954, best fitness: 661.265
it: 4, population size: 204, mean fitness: 360.514, best fitness: 675.174
it: 5, population size: 224, mean fitness: 375.538, best fitness: 699.676
it: 6, population size: 246, mean fitness: 399.71, best fitness: 718.305
it: 7, population size: 270, mean fitness: 425.97, best fitness: 718.305
it: 8, population size: 297, mean fitness: 414.604, best fitness: 699.676
it: 9, population size: 327, mean fitness: 434.494, best fitness: 751.445
ended: 2023-Apr-18 15:13:11
duration: 40.211441s
