candles read:
from: 2018-May-04 08:11:00
to: 2023-Apr-11 18:09:00
difference: 1803d 09:58:00.000000
count: 2591038
duration: 3.020957s
began: 2023-Apr-14 19:56:18
ended: 2023-Apr-14 20:30:30
duration: 34:11.771047
