candles read:
from: 2017-Aug-17 04:00:00
to: 2022-Oct-28 12:27:00
difference: 1898d 08:27:00.000000
count: 2725146
duration: 3.647755s
search space:
n states: 1092000
began: 2023-Apr-12 04:07:26
ended: 2023-Apr-12 05:54:39
duration: 01:47:12.999037
