candles read:
from: 2017-Aug-17 04:00:00
to: 2022-Oct-28 12:27:00
difference: 1898d 08:27:00.000000
count: 2725146
duration: 6.615504s
search space:
n states: 1231200
began: 2023-Apr-12 17:27:17
ended: 2023-Apr-12 19:22:53
duration: 01:55:36.128050
