candles read:
from: 2018-Apr-17 04:02:00
to: 2023-Apr-12 11:26:00
difference: 1821d 07:24:00.000000
count: 2616803
duration: 3.236400s
began: 2023-Apr-18 15:08:04
it: 0, population size: 189, mean fitness: 236.337, best fitness: 659.822
it: 1, population size: 187, mean fitness: 283.764, best fitness: 659.822
it: 2, population size: 184, mean fitness: 323.52, best fitness: 713.552
it: 3, population size: 182, mean fitness: 355.622, best fitness: 713.552
it: 4, population size: 180, mean fitness: 377.246, best fitness: 713.552
it: 5, population size: 178, mean fitness: 405.1, best fitness: 713.552
it: 6, population size: 176, mean fitness: 424.892, best fitness: 741.19
it: 7, population size: 173, mean fitness: 445.721, best fitness: 741.19
it: 8, population size: 171, mean fitness: 457.224, best fitness: 749.084
it: 9, population size: 169, mean fitness: 458.191, best fitness: 751.215
ended: 2023-Apr-18 15:08:37
duration: 33.052393s
