candles read:
from: 2017-Aug-17 04:00:00
to: 2022-Oct-28 12:27:00
difference: 1898d 08:27:00.000000
count: 2725146
duration: 3.628427s
search space:
n states: 208800
began: 2023-Apr-12 16:29:20
ended: 2023-Apr-12 16:48:06
duration: 18:45.597261
