candles read:
from: 2017-Aug-17 04:00:00
to: 2022-Oct-28 12:27:00
difference: 1898d 08:27:00.000000
count: 2725146
duration: 3.895999s
search space:
n states: 139650
began: 2023-Apr-12 08:01:57
ended: 2023-Apr-12 08:23:15
duration: 21:17.726094
