candles read:
from: 2017-Aug-17 04:00:00
to: 2022-Oct-28 12:27:00
difference: 1898d 08:27:00.000000
count: 2725146
duration: 3.539574s
began: 2023-Apr-13 21:46:33
ended: 2023-Apr-13 23:21:50
duration: 01:35:17.075723
