candles read:
from: 2017-Aug-17 04:00:00
to: 2022-Oct-28 12:27:00
difference: 1898d 08:27:00.000000
count: 2725146
duration: 3.997160s
began: 2023-Apr-13 15:18:58
ended: 2023-Apr-13 15:24:10
duration: 5:11.882378
